{
 "cells": [
  {
   "cell_type": "code",
   "execution_count": 54,
   "metadata": {
    "collapsed": false
   },
   "outputs": [],
   "source": [
    "import os\n",
    "import pandas as pd\n",
    "import numpy as np\n",
    "import pickle\n",
    "import collections\n",
    "from Aggregation import Aggregate\n",
    "pd.set_option('mode.chained_assignment', None)\n",
    "pd.set_option('display.width', 1500)"
   ]
  },
  {
   "cell_type": "code",
   "execution_count": 55,
   "metadata": {
    "collapsed": false
   },
   "outputs": [],
   "source": [
    "class Standardize:\n",
    "\n",
    "    def __init__(self, sym):\n",
    "        self.symbol = sym\n",
    "        self.statements = Aggregate(sym).statements\n",
    "\n",
    "        self.balance = self.statements[0] / 10**6\n",
    "        self.income = self.statements[1] / 10**6\n",
    "        self.cash = self.statements[2] / 10**6\n",
    "        \n",
    "        self.fcfe = self.free_cash_flow_equity()\n",
    "\n",
    "\n",
    "    def standard_balance(self):\n",
    "        \"\"\"\n",
    "         _____________\n",
    "        | Assets:           Liabilities\n",
    "         -------------       Current:\n",
    "        | Current:\n",
    "        |\n",
    "        |   Cash                A/P\n",
    "        |   A/R                 CPLTD\n",
    "        |   Inventory           Other\n",
    "        |   Other\n",
    "        |\n",
    "        | Non-Current:       Non-Current:\n",
    "        |\n",
    "        |   PP&E                Notes Payable\n",
    "        |   Other               Other\n",
    "\n",
    "\n",
    "\n",
    "        \"\"\"\n",
    "\n",
    "        self.balance.index[self.balance.index.str.contains('Current')].tolist()\n",
    "\n",
    "        return 0\n",
    "\n",
    "\n",
    "    def standard_income(self):\n",
    "        return 0\n",
    "\n",
    "    def standard_cash(self):\n",
    "        return 0\n",
    "\n",
    "    def change_nwc(self):\n",
    "        \"\"\"\n",
    "        Calculate Change in Net Working Capital. There are two main ways to do this:\n",
    "\n",
    "            1. From The Statement of Cash Flows\n",
    "            2. From The Balance Sheet\n",
    "        \"\"\"\n",
    "\n",
    "\n",
    "        net = self.balance.loc['AssetsCurrent'] - self.balance.loc['LiabilitiesCurrent']\n",
    "        self.chg_wc = net - net.shift(1)\n",
    "\n",
    "        return self.chg_wc.fillna(0)\n",
    "\n",
    "    def CapEx(self):\n",
    "        self.capex = self.cash.loc[self.cash.index[self.cash.index.str.contains('PropertyPlantAndE')]]\n",
    "        \n",
    "        if self.capex.empty:\n",
    "            return 0\n",
    "        else:\n",
    "            self.capex = self.capex.loc[self.capex.index.values[0]]\n",
    "            return self.capex.fillna(0)\n",
    "\n",
    "    def debt_cash(self):\n",
    "        issued = self.cash.loc[self.cash.index[(self.cash.index.str.contains('Debt')) & (self.cash.index.str.contains('Iss'))]]\n",
    "        if not issued.empty:\n",
    "            issued = issued.loc[issued.index[0]].fillna(0)\n",
    "        \n",
    "        payments = self.cash.loc[self.cash.index[(self.cash.index.str.contains('Debt')) & (self.cash.index.str.contains('Repay'))]]\n",
    "        if not payments.empty:\n",
    "            payments = payments.loc[payments.index[0]].fillna(0)\n",
    "            \n",
    "        if payments.empty:\n",
    "            return issued\n",
    "\n",
    "        elif issued.empty:\n",
    "            return payments\n",
    "\n",
    "        else:\n",
    "            return (issued - payments).fillna(0)\n",
    "\n",
    "    def DeprAmort(self):\n",
    "        DA = self.cash.loc[self.cash.index[(self.cash.index.str.contains('Depre')) | (self.cash.index.str.contains('Amort'))]]\n",
    "        if not DA.empty:\n",
    "            \n",
    "            return DA.loc[DA.index.values[0]].fillna(0)\n",
    "        else:\n",
    "            return 0\n",
    "        \n",
    "    def interest_expense(self):\n",
    "        int_exp = self.income.loc['InterestExpense']\n",
    "        if not int_exp.empty:\n",
    "            return int_exp.fillna(0)\n",
    "        else:\n",
    "            return 0\n",
    "        \n",
    "        \n",
    "        \n",
    "    def free_cash_flow_equity(self):\n",
    "        \"\"\"\n",
    "        FCFe = NI + D/A - ∆ nwc - CapEx  + Net Debt\n",
    "        \"\"\"\n",
    "        \n",
    "        \n",
    "        try:\n",
    "            NI = self.income.loc['NetIncomeLoss'].fillna(0)\n",
    "        except:\n",
    "            NI = self.income.loc[self.income.index[self.income.index.str.contains('NetIncome')]].fillna(0)\n",
    "            if NI.empty:\n",
    "                NI = self.income.loc[self.income.index[self.income.index.str.contains('OperatingIncome')]].fillna(0)\n",
    "                NI = NI.loc[NI.index.values[0]]\n",
    "        \n",
    "        \n",
    "        DA = self.DeprAmort()\n",
    "        nwc_chg = self.change_nwc()\n",
    "        capex = self.CapEx()\n",
    "        \n",
    "        net_debt = self.debt_cash()\n",
    "        if net_debt.empty:\n",
    "            net_debt = 0\n",
    "        \n",
    "        NIDA = ((NI + DA).fillna(0) + net_debt).fillna(0)\n",
    "        nwcap = (nwc_chg + capex).fillna(0)\n",
    "        return (NIDA - nwcap)\n",
    "    \n",
    "    \n",
    "    def free_cash_flow_firm(self):\n",
    "        \"\"\"\n",
    "        FCFf = EBIT + Interest Expense + D/A - ∆ nwc - CapEx\n",
    "        \"\"\"\n",
    "        \n",
    "        \n",
    "        try:\n",
    "            EBIT = self.income.loc['OperatingIncomeLoss'].fillna(0)\n",
    "        except:\n",
    "            EBIT = self.income.loc[self.income.index[self.income.index.str.contains('OperatingIncome')]].fillna(0)\n",
    "            if EBIT.empty:\n",
    "                EBIT = self.income.loc[self.income.index[self.income.index.str.contains('OperatingIncome')]].fillna(0)\n",
    "                EBIT = EBIT.loc[EBIT.index.values[0]]\n",
    "        \n",
    "        \n",
    "        DA = self.DeprAmort()\n",
    "        nwc_chg = self.change_nwc()\n",
    "        capex = self.CapEx()\n",
    "        \n",
    "        int_exp = self.interest_expense()\n",
    "        \n",
    "        EBITDA = ((EBIT + DA).fillna(0) + int_exp).fillna(0)\n",
    "        nwcap = (nwc_chg + capex).fillna(0)\n",
    "        return (EBITDA - nwcap)\n"
   ]
  },
  {
   "cell_type": "code",
   "execution_count": 56,
   "metadata": {
    "collapsed": false
   },
   "outputs": [
    {
     "data": {
      "text/plain": [
       "2009     -42.426\n",
       "2010    -175.426\n",
       "2011    -463.600\n",
       "2012    -365.204\n",
       "2013    -595.770\n",
       "2014   -1324.469\n",
       "2015    -693.841\n",
       "dtype: float64"
      ]
     },
     "execution_count": 56,
     "metadata": {},
     "output_type": "execute_result"
    }
   ],
   "source": [
    "tsla = Standardize('TSLA')\n",
    "tsla.free_cash_flow_equity()\n",
    "tsla.free_cash_flow_firm()"
   ]
  },
  {
   "cell_type": "code",
   "execution_count": 49,
   "metadata": {
    "collapsed": false
   },
   "outputs": [
    {
     "data": {
      "text/plain": [
       "2007     77.0\n",
       "2008     71.0\n",
       "2009     34.0\n",
       "2010     39.0\n",
       "2011     65.0\n",
       "2012     92.0\n",
       "2013    141.0\n",
       "2014    210.0\n",
       "2015    459.0\n",
       "Name: InterestExpense, dtype: float64"
      ]
     },
     "execution_count": 49,
     "metadata": {},
     "output_type": "execute_result"
    }
   ],
   "source": [
    "amzn.income.loc['InterestExpense']"
   ]
  },
  {
   "cell_type": "code",
   "execution_count": 12,
   "metadata": {
    "collapsed": false
   },
   "outputs": [
    {
     "data": {
      "text/html": [
       "<div>\n",
       "<table border=\"1\" class=\"dataframe\">\n",
       "  <thead>\n",
       "    <tr style=\"text-align: right;\">\n",
       "      <th></th>\n",
       "      <th>2008</th>\n",
       "      <th>2009</th>\n",
       "      <th>2010</th>\n",
       "      <th>2011</th>\n",
       "      <th>2012</th>\n",
       "      <th>2013</th>\n",
       "      <th>2014</th>\n",
       "      <th>2015</th>\n",
       "      <th>2016</th>\n",
       "    </tr>\n",
       "    <tr>\n",
       "      <th>Fiel</th>\n",
       "      <th></th>\n",
       "      <th></th>\n",
       "      <th></th>\n",
       "      <th></th>\n",
       "      <th></th>\n",
       "      <th></th>\n",
       "      <th></th>\n",
       "      <th></th>\n",
       "      <th></th>\n",
       "    </tr>\n",
       "  </thead>\n",
       "  <tbody>\n",
       "    <tr>\n",
       "      <th>CostOfRevenue</th>\n",
       "      <td>2228.580</td>\n",
       "      <td>2250.590</td>\n",
       "      <td>2149.522</td>\n",
       "      <td>2134.219</td>\n",
       "      <td>1941.413</td>\n",
       "      <td>2053.816</td>\n",
       "      <td>1862.399</td>\n",
       "      <td>2082.030</td>\n",
       "      <td>2199.0</td>\n",
       "    </tr>\n",
       "    <tr>\n",
       "      <th>GrossProfit</th>\n",
       "      <td>1869.280</td>\n",
       "      <td>1174.269</td>\n",
       "      <td>1176.923</td>\n",
       "      <td>1409.090</td>\n",
       "      <td>2056.517</td>\n",
       "      <td>2226.343</td>\n",
       "      <td>2267.763</td>\n",
       "      <td>2599.477</td>\n",
       "      <td>2811.0</td>\n",
       "    </tr>\n",
       "    <tr>\n",
       "      <th>IncomeTaxExpenseBenefit</th>\n",
       "      <td>103.696</td>\n",
       "      <td>-12.913</td>\n",
       "      <td>-14.307</td>\n",
       "      <td>18.023</td>\n",
       "      <td>82.306</td>\n",
       "      <td>99.503</td>\n",
       "      <td>70.264</td>\n",
       "      <td>124.249</td>\n",
       "      <td>129.0</td>\n",
       "    </tr>\n",
       "    <tr>\n",
       "      <th>InterestExpense</th>\n",
       "      <td>0.054</td>\n",
       "      <td>0.406</td>\n",
       "      <td>3.320</td>\n",
       "      <td>3.127</td>\n",
       "      <td>3.089</td>\n",
       "      <td>3.294</td>\n",
       "      <td>10.443</td>\n",
       "      <td>46.133</td>\n",
       "      <td>47.0</td>\n",
       "    </tr>\n",
       "    <tr>\n",
       "      <th>InvestmentIncomeInterest</th>\n",
       "      <td>64.289</td>\n",
       "      <td>42.859</td>\n",
       "      <td>23.115</td>\n",
       "      <td>19.057</td>\n",
       "      <td>19.149</td>\n",
       "      <td>19.908</td>\n",
       "      <td>17.119</td>\n",
       "      <td>28.090</td>\n",
       "      <td>39.0</td>\n",
       "    </tr>\n",
       "    <tr>\n",
       "      <th>NetIncomeLoss</th>\n",
       "      <td>797.645</td>\n",
       "      <td>-30.041</td>\n",
       "      <td>-67.987</td>\n",
       "      <td>253.146</td>\n",
       "      <td>581.090</td>\n",
       "      <td>562.536</td>\n",
       "      <td>439.990</td>\n",
       "      <td>630.587</td>\n",
       "      <td>614.0</td>\n",
       "    </tr>\n",
       "    <tr>\n",
       "      <th>OperatingExpenses</th>\n",
       "      <td>1032.934</td>\n",
       "      <td>1244.969</td>\n",
       "      <td>1275.868</td>\n",
       "      <td>1153.343</td>\n",
       "      <td>1408.218</td>\n",
       "      <td>1578.104</td>\n",
       "      <td>1771.536</td>\n",
       "      <td>1840.488</td>\n",
       "      <td>2064.0</td>\n",
       "    </tr>\n",
       "    <tr>\n",
       "      <th>OperatingIncomeLoss</th>\n",
       "      <td>836.346</td>\n",
       "      <td>-70.700</td>\n",
       "      <td>-98.945</td>\n",
       "      <td>255.747</td>\n",
       "      <td>648.299</td>\n",
       "      <td>648.239</td>\n",
       "      <td>496.227</td>\n",
       "      <td>758.989</td>\n",
       "      <td>747.0</td>\n",
       "    </tr>\n",
       "    <tr>\n",
       "      <th>OtherNonoperatingIncomeExpense</th>\n",
       "      <td>0.760</td>\n",
       "      <td>-14.707</td>\n",
       "      <td>-3.144</td>\n",
       "      <td>-0.508</td>\n",
       "      <td>-0.963</td>\n",
       "      <td>-2.814</td>\n",
       "      <td>7.351</td>\n",
       "      <td>13.890</td>\n",
       "      <td>4.0</td>\n",
       "    </tr>\n",
       "    <tr>\n",
       "      <th>ResearchAndDevelopmentExpense</th>\n",
       "      <td>691.637</td>\n",
       "      <td>855.879</td>\n",
       "      <td>908.851</td>\n",
       "      <td>848.830</td>\n",
       "      <td>1002.605</td>\n",
       "      <td>1147.282</td>\n",
       "      <td>1335.834</td>\n",
       "      <td>1359.725</td>\n",
       "      <td>1331.0</td>\n",
       "    </tr>\n",
       "    <tr>\n",
       "      <th>Revenues</th>\n",
       "      <td>4097.860</td>\n",
       "      <td>3424.859</td>\n",
       "      <td>3326.445</td>\n",
       "      <td>3543.309</td>\n",
       "      <td>3997.930</td>\n",
       "      <td>4280.159</td>\n",
       "      <td>4130.162</td>\n",
       "      <td>4681.507</td>\n",
       "      <td>5010.0</td>\n",
       "    </tr>\n",
       "    <tr>\n",
       "      <th>SellingGeneralAndAdministrativeExpense</th>\n",
       "      <td>341.297</td>\n",
       "      <td>362.222</td>\n",
       "      <td>367.017</td>\n",
       "      <td>361.513</td>\n",
       "      <td>405.613</td>\n",
       "      <td>430.822</td>\n",
       "      <td>435.702</td>\n",
       "      <td>480.763</td>\n",
       "      <td>602.0</td>\n",
       "    </tr>\n",
       "  </tbody>\n",
       "</table>\n",
       "</div>"
      ],
      "text/plain": [
       "                                            2008      2009      2010      2011      2012      2013      2014      2015    2016\n",
       "Fiel                                                                                                                          \n",
       "CostOfRevenue                           2228.580  2250.590  2149.522  2134.219  1941.413  2053.816  1862.399  2082.030  2199.0\n",
       "GrossProfit                             1869.280  1174.269  1176.923  1409.090  2056.517  2226.343  2267.763  2599.477  2811.0\n",
       "IncomeTaxExpenseBenefit                  103.696   -12.913   -14.307    18.023    82.306    99.503    70.264   124.249   129.0\n",
       "InterestExpense                            0.054     0.406     3.320     3.127     3.089     3.294    10.443    46.133    47.0\n",
       "InvestmentIncomeInterest                  64.289    42.859    23.115    19.057    19.149    19.908    17.119    28.090    39.0\n",
       "NetIncomeLoss                            797.645   -30.041   -67.987   253.146   581.090   562.536   439.990   630.587   614.0\n",
       "OperatingExpenses                       1032.934  1244.969  1275.868  1153.343  1408.218  1578.104  1771.536  1840.488  2064.0\n",
       "OperatingIncomeLoss                      836.346   -70.700   -98.945   255.747   648.299   648.239   496.227   758.989   747.0\n",
       "OtherNonoperatingIncomeExpense             0.760   -14.707    -3.144    -0.508    -0.963    -2.814     7.351    13.890     4.0\n",
       "ResearchAndDevelopmentExpense            691.637   855.879   908.851   848.830  1002.605  1147.282  1335.834  1359.725  1331.0\n",
       "Revenues                                4097.860  3424.859  3326.445  3543.309  3997.930  4280.159  4130.162  4681.507  5010.0\n",
       "SellingGeneralAndAdministrativeExpense   341.297   362.222   367.017   361.513   405.613   430.822   435.702   480.763   602.0"
      ]
     },
     "execution_count": 12,
     "metadata": {},
     "output_type": "execute_result"
    }
   ],
   "source": [
    "(nvda.income.loc['Revenues'].pct_change() * 100).mean()\n",
    "# (nvda.income.loc['NetIncomeLoss'].pct_change() * 100)\n",
    "nvda.income"
   ]
  },
  {
   "cell_type": "code",
   "execution_count": 22,
   "metadata": {
    "collapsed": false
   },
   "outputs": [
    {
     "data": {
      "text/html": [
       "<div>\n",
       "<table border=\"1\" class=\"dataframe\">\n",
       "  <thead>\n",
       "    <tr style=\"text-align: right;\">\n",
       "      <th></th>\n",
       "      <th>2009</th>\n",
       "      <th>2010</th>\n",
       "      <th>2011</th>\n",
       "      <th>2012</th>\n",
       "      <th>2013</th>\n",
       "      <th>2014</th>\n",
       "      <th>2015</th>\n",
       "      <th>2016</th>\n",
       "    </tr>\n",
       "    <tr>\n",
       "      <th>Fiel</th>\n",
       "      <th></th>\n",
       "      <th></th>\n",
       "      <th></th>\n",
       "      <th></th>\n",
       "      <th></th>\n",
       "      <th></th>\n",
       "      <th></th>\n",
       "      <th></th>\n",
       "    </tr>\n",
       "  </thead>\n",
       "  <tbody>\n",
       "    <tr>\n",
       "      <th>CostOfRevenue</th>\n",
       "      <td>0.99</td>\n",
       "      <td>-4.49</td>\n",
       "      <td>-0.71</td>\n",
       "      <td>-9.03</td>\n",
       "      <td>5.79</td>\n",
       "      <td>-9.32</td>\n",
       "      <td>11.79</td>\n",
       "      <td>5.62</td>\n",
       "    </tr>\n",
       "    <tr>\n",
       "      <th>GrossProfit</th>\n",
       "      <td>-37.18</td>\n",
       "      <td>0.23</td>\n",
       "      <td>19.73</td>\n",
       "      <td>45.95</td>\n",
       "      <td>8.26</td>\n",
       "      <td>1.86</td>\n",
       "      <td>14.63</td>\n",
       "      <td>8.14</td>\n",
       "    </tr>\n",
       "    <tr>\n",
       "      <th>IncomeTaxExpenseBenefit</th>\n",
       "      <td>-112.45</td>\n",
       "      <td>10.80</td>\n",
       "      <td>-225.97</td>\n",
       "      <td>356.67</td>\n",
       "      <td>20.89</td>\n",
       "      <td>-29.39</td>\n",
       "      <td>76.83</td>\n",
       "      <td>3.82</td>\n",
       "    </tr>\n",
       "    <tr>\n",
       "      <th>InterestExpense</th>\n",
       "      <td>651.85</td>\n",
       "      <td>717.73</td>\n",
       "      <td>-5.81</td>\n",
       "      <td>-1.22</td>\n",
       "      <td>6.64</td>\n",
       "      <td>217.03</td>\n",
       "      <td>341.76</td>\n",
       "      <td>1.88</td>\n",
       "    </tr>\n",
       "    <tr>\n",
       "      <th>InvestmentIncomeInterest</th>\n",
       "      <td>-33.33</td>\n",
       "      <td>-46.07</td>\n",
       "      <td>-17.56</td>\n",
       "      <td>0.48</td>\n",
       "      <td>3.96</td>\n",
       "      <td>-14.01</td>\n",
       "      <td>64.09</td>\n",
       "      <td>38.84</td>\n",
       "    </tr>\n",
       "    <tr>\n",
       "      <th>NetIncomeLoss</th>\n",
       "      <td>-103.77</td>\n",
       "      <td>126.31</td>\n",
       "      <td>-472.34</td>\n",
       "      <td>129.55</td>\n",
       "      <td>-3.19</td>\n",
       "      <td>-21.78</td>\n",
       "      <td>43.32</td>\n",
       "      <td>-2.63</td>\n",
       "    </tr>\n",
       "    <tr>\n",
       "      <th>OperatingExpenses</th>\n",
       "      <td>20.53</td>\n",
       "      <td>2.48</td>\n",
       "      <td>-9.60</td>\n",
       "      <td>22.10</td>\n",
       "      <td>12.06</td>\n",
       "      <td>12.26</td>\n",
       "      <td>3.89</td>\n",
       "      <td>12.14</td>\n",
       "    </tr>\n",
       "    <tr>\n",
       "      <th>OperatingIncomeLoss</th>\n",
       "      <td>-108.45</td>\n",
       "      <td>39.95</td>\n",
       "      <td>-358.47</td>\n",
       "      <td>153.49</td>\n",
       "      <td>-0.01</td>\n",
       "      <td>-23.45</td>\n",
       "      <td>52.95</td>\n",
       "      <td>-1.58</td>\n",
       "    </tr>\n",
       "    <tr>\n",
       "      <th>OtherNonoperatingIncomeExpense</th>\n",
       "      <td>-2035.13</td>\n",
       "      <td>-78.62</td>\n",
       "      <td>-83.84</td>\n",
       "      <td>89.57</td>\n",
       "      <td>192.21</td>\n",
       "      <td>-361.23</td>\n",
       "      <td>88.95</td>\n",
       "      <td>-71.20</td>\n",
       "    </tr>\n",
       "    <tr>\n",
       "      <th>ResearchAndDevelopmentExpense</th>\n",
       "      <td>23.75</td>\n",
       "      <td>6.19</td>\n",
       "      <td>-6.60</td>\n",
       "      <td>18.12</td>\n",
       "      <td>14.43</td>\n",
       "      <td>16.43</td>\n",
       "      <td>1.79</td>\n",
       "      <td>-2.11</td>\n",
       "    </tr>\n",
       "    <tr>\n",
       "      <th>Revenues</th>\n",
       "      <td>-16.42</td>\n",
       "      <td>-2.87</td>\n",
       "      <td>6.52</td>\n",
       "      <td>12.83</td>\n",
       "      <td>7.06</td>\n",
       "      <td>-3.50</td>\n",
       "      <td>13.35</td>\n",
       "      <td>7.02</td>\n",
       "    </tr>\n",
       "    <tr>\n",
       "      <th>SellingGeneralAndAdministrativeExpense</th>\n",
       "      <td>6.13</td>\n",
       "      <td>1.32</td>\n",
       "      <td>-1.50</td>\n",
       "      <td>12.20</td>\n",
       "      <td>6.22</td>\n",
       "      <td>1.13</td>\n",
       "      <td>10.34</td>\n",
       "      <td>25.22</td>\n",
       "    </tr>\n",
       "  </tbody>\n",
       "</table>\n",
       "</div>"
      ],
      "text/plain": [
       "                                            2009    2010     2011    2012    2013     2014    2015    2016\n",
       "Fiel                                                                                                      \n",
       "CostOfRevenue                               0.99   -4.49    -0.71   -9.03    5.79    -9.32   11.79    5.62\n",
       "GrossProfit                               -37.18    0.23    19.73   45.95    8.26     1.86   14.63    8.14\n",
       "IncomeTaxExpenseBenefit                  -112.45   10.80  -225.97  356.67   20.89   -29.39   76.83    3.82\n",
       "InterestExpense                           651.85  717.73    -5.81   -1.22    6.64   217.03  341.76    1.88\n",
       "InvestmentIncomeInterest                  -33.33  -46.07   -17.56    0.48    3.96   -14.01   64.09   38.84\n",
       "NetIncomeLoss                            -103.77  126.31  -472.34  129.55   -3.19   -21.78   43.32   -2.63\n",
       "OperatingExpenses                          20.53    2.48    -9.60   22.10   12.06    12.26    3.89   12.14\n",
       "OperatingIncomeLoss                      -108.45   39.95  -358.47  153.49   -0.01   -23.45   52.95   -1.58\n",
       "OtherNonoperatingIncomeExpense          -2035.13  -78.62   -83.84   89.57  192.21  -361.23   88.95  -71.20\n",
       "ResearchAndDevelopmentExpense              23.75    6.19    -6.60   18.12   14.43    16.43    1.79   -2.11\n",
       "Revenues                                  -16.42   -2.87     6.52   12.83    7.06    -3.50   13.35    7.02\n",
       "SellingGeneralAndAdministrativeExpense      6.13    1.32    -1.50   12.20    6.22     1.13   10.34   25.22"
      ]
     },
     "execution_count": 22,
     "metadata": {},
     "output_type": "execute_result"
    }
   ],
   "source": [
    "((nvda.income.pct_change(axis=1) * 100).dropna(axis=1)).applymap(lambda x: '%.2f' % x)"
   ]
  },
  {
   "cell_type": "code",
   "execution_count": 28,
   "metadata": {
    "collapsed": false
   },
   "outputs": [
    {
     "data": {
      "text/html": [
       "<div>\n",
       "<table border=\"1\" class=\"dataframe\">\n",
       "  <thead>\n",
       "    <tr style=\"text-align: right;\">\n",
       "      <th></th>\n",
       "      <th>2008</th>\n",
       "      <th>2009</th>\n",
       "      <th>2010</th>\n",
       "      <th>2011</th>\n",
       "      <th>2012</th>\n",
       "      <th>2013</th>\n",
       "      <th>2014</th>\n",
       "      <th>2015</th>\n",
       "      <th>2016</th>\n",
       "    </tr>\n",
       "    <tr>\n",
       "      <th>Fiel</th>\n",
       "      <th></th>\n",
       "      <th></th>\n",
       "      <th></th>\n",
       "      <th></th>\n",
       "      <th></th>\n",
       "      <th></th>\n",
       "      <th></th>\n",
       "      <th></th>\n",
       "      <th></th>\n",
       "    </tr>\n",
       "  </thead>\n",
       "  <tbody>\n",
       "    <tr>\n",
       "      <th>Revenues</th>\n",
       "      <td>4097.860</td>\n",
       "      <td>3424.859</td>\n",
       "      <td>3326.445</td>\n",
       "      <td>3543.309</td>\n",
       "      <td>3997.930</td>\n",
       "      <td>4280.159</td>\n",
       "      <td>4130.162</td>\n",
       "      <td>4681.507</td>\n",
       "      <td>5010.0</td>\n",
       "    </tr>\n",
       "    <tr>\n",
       "      <th>CostOfRevenue</th>\n",
       "      <td>2228.580</td>\n",
       "      <td>2250.590</td>\n",
       "      <td>2149.522</td>\n",
       "      <td>2134.219</td>\n",
       "      <td>1941.413</td>\n",
       "      <td>2053.816</td>\n",
       "      <td>1862.399</td>\n",
       "      <td>2082.030</td>\n",
       "      <td>2199.0</td>\n",
       "    </tr>\n",
       "    <tr>\n",
       "      <th>GrossProfit</th>\n",
       "      <td>1869.280</td>\n",
       "      <td>1174.269</td>\n",
       "      <td>1176.923</td>\n",
       "      <td>1409.090</td>\n",
       "      <td>2056.517</td>\n",
       "      <td>2226.343</td>\n",
       "      <td>2267.763</td>\n",
       "      <td>2599.477</td>\n",
       "      <td>2811.0</td>\n",
       "    </tr>\n",
       "    <tr>\n",
       "      <th>ResearchAndDevelopmentExpense</th>\n",
       "      <td>691.637</td>\n",
       "      <td>855.879</td>\n",
       "      <td>908.851</td>\n",
       "      <td>848.830</td>\n",
       "      <td>1002.605</td>\n",
       "      <td>1147.282</td>\n",
       "      <td>1335.834</td>\n",
       "      <td>1359.725</td>\n",
       "      <td>1331.0</td>\n",
       "    </tr>\n",
       "    <tr>\n",
       "      <th>SellingGeneralAndAdministrativeExpense</th>\n",
       "      <td>341.297</td>\n",
       "      <td>362.222</td>\n",
       "      <td>367.017</td>\n",
       "      <td>361.513</td>\n",
       "      <td>405.613</td>\n",
       "      <td>430.822</td>\n",
       "      <td>435.702</td>\n",
       "      <td>480.763</td>\n",
       "      <td>602.0</td>\n",
       "    </tr>\n",
       "    <tr>\n",
       "      <th>OperatingExpenses</th>\n",
       "      <td>1032.934</td>\n",
       "      <td>1244.969</td>\n",
       "      <td>1275.868</td>\n",
       "      <td>1153.343</td>\n",
       "      <td>1408.218</td>\n",
       "      <td>1578.104</td>\n",
       "      <td>1771.536</td>\n",
       "      <td>1840.488</td>\n",
       "      <td>2064.0</td>\n",
       "    </tr>\n",
       "    <tr>\n",
       "      <th>OperatingIncomeLoss</th>\n",
       "      <td>836.346</td>\n",
       "      <td>-70.700</td>\n",
       "      <td>-98.945</td>\n",
       "      <td>255.747</td>\n",
       "      <td>648.299</td>\n",
       "      <td>648.239</td>\n",
       "      <td>496.227</td>\n",
       "      <td>758.989</td>\n",
       "      <td>747.0</td>\n",
       "    </tr>\n",
       "    <tr>\n",
       "      <th>InterestExpense</th>\n",
       "      <td>0.054</td>\n",
       "      <td>0.406</td>\n",
       "      <td>3.320</td>\n",
       "      <td>3.127</td>\n",
       "      <td>3.089</td>\n",
       "      <td>3.294</td>\n",
       "      <td>10.443</td>\n",
       "      <td>46.133</td>\n",
       "      <td>47.0</td>\n",
       "    </tr>\n",
       "    <tr>\n",
       "      <th>IncomeTaxExpenseBenefit</th>\n",
       "      <td>103.696</td>\n",
       "      <td>-12.913</td>\n",
       "      <td>-14.307</td>\n",
       "      <td>18.023</td>\n",
       "      <td>82.306</td>\n",
       "      <td>99.503</td>\n",
       "      <td>70.264</td>\n",
       "      <td>124.249</td>\n",
       "      <td>129.0</td>\n",
       "    </tr>\n",
       "    <tr>\n",
       "      <th>InvestmentIncomeInterest</th>\n",
       "      <td>64.289</td>\n",
       "      <td>42.859</td>\n",
       "      <td>23.115</td>\n",
       "      <td>19.057</td>\n",
       "      <td>19.149</td>\n",
       "      <td>19.908</td>\n",
       "      <td>17.119</td>\n",
       "      <td>28.090</td>\n",
       "      <td>39.0</td>\n",
       "    </tr>\n",
       "    <tr>\n",
       "      <th>OtherNonoperatingIncomeExpense</th>\n",
       "      <td>0.760</td>\n",
       "      <td>-14.707</td>\n",
       "      <td>-3.144</td>\n",
       "      <td>-0.508</td>\n",
       "      <td>-0.963</td>\n",
       "      <td>-2.814</td>\n",
       "      <td>7.351</td>\n",
       "      <td>13.890</td>\n",
       "      <td>4.0</td>\n",
       "    </tr>\n",
       "    <tr>\n",
       "      <th>NetIncomeLoss</th>\n",
       "      <td>797.645</td>\n",
       "      <td>-30.041</td>\n",
       "      <td>-67.987</td>\n",
       "      <td>253.146</td>\n",
       "      <td>581.090</td>\n",
       "      <td>562.536</td>\n",
       "      <td>439.990</td>\n",
       "      <td>630.587</td>\n",
       "      <td>614.0</td>\n",
       "    </tr>\n",
       "  </tbody>\n",
       "</table>\n",
       "</div>"
      ],
      "text/plain": [
       "                                            2008      2009      2010      2011      2012      2013      2014      2015    2016\n",
       "Fiel                                                                                                                          \n",
       "Revenues                                4097.860  3424.859  3326.445  3543.309  3997.930  4280.159  4130.162  4681.507  5010.0\n",
       "CostOfRevenue                           2228.580  2250.590  2149.522  2134.219  1941.413  2053.816  1862.399  2082.030  2199.0\n",
       "GrossProfit                             1869.280  1174.269  1176.923  1409.090  2056.517  2226.343  2267.763  2599.477  2811.0\n",
       "ResearchAndDevelopmentExpense            691.637   855.879   908.851   848.830  1002.605  1147.282  1335.834  1359.725  1331.0\n",
       "SellingGeneralAndAdministrativeExpense   341.297   362.222   367.017   361.513   405.613   430.822   435.702   480.763   602.0\n",
       "OperatingExpenses                       1032.934  1244.969  1275.868  1153.343  1408.218  1578.104  1771.536  1840.488  2064.0\n",
       "OperatingIncomeLoss                      836.346   -70.700   -98.945   255.747   648.299   648.239   496.227   758.989   747.0\n",
       "InterestExpense                            0.054     0.406     3.320     3.127     3.089     3.294    10.443    46.133    47.0\n",
       "IncomeTaxExpenseBenefit                  103.696   -12.913   -14.307    18.023    82.306    99.503    70.264   124.249   129.0\n",
       "InvestmentIncomeInterest                  64.289    42.859    23.115    19.057    19.149    19.908    17.119    28.090    39.0\n",
       "OtherNonoperatingIncomeExpense             0.760   -14.707    -3.144    -0.508    -0.963    -2.814     7.351    13.890     4.0\n",
       "NetIncomeLoss                            797.645   -30.041   -67.987   253.146   581.090   562.536   439.990   630.587   614.0"
      ]
     },
     "execution_count": 28,
     "metadata": {},
     "output_type": "execute_result"
    }
   ],
   "source": [
    "income = nvda.income.loc[['Revenues', 'CostOfRevenue', 'GrossProfit', 'ResearchAndDevelopmentExpense', 'SellingGeneralAndAdministrativeExpense', \n",
    "                'OperatingExpenses', 'OperatingIncomeLoss', 'InterestExpense', 'IncomeTaxExpenseBenefit', \n",
    "                'InvestmentIncomeInterest', 'OtherNonoperatingIncomeExpense', 'NetIncomeLoss']]\n",
    "income"
   ]
  },
  {
   "cell_type": "code",
   "execution_count": 29,
   "metadata": {
    "collapsed": false
   },
   "outputs": [
    {
     "data": {
      "text/html": [
       "<div>\n",
       "<table border=\"1\" class=\"dataframe\">\n",
       "  <thead>\n",
       "    <tr style=\"text-align: right;\">\n",
       "      <th></th>\n",
       "      <th>2009</th>\n",
       "      <th>2010</th>\n",
       "      <th>2011</th>\n",
       "      <th>2012</th>\n",
       "      <th>2013</th>\n",
       "      <th>2014</th>\n",
       "      <th>2015</th>\n",
       "      <th>2016</th>\n",
       "    </tr>\n",
       "    <tr>\n",
       "      <th>Fiel</th>\n",
       "      <th></th>\n",
       "      <th></th>\n",
       "      <th></th>\n",
       "      <th></th>\n",
       "      <th></th>\n",
       "      <th></th>\n",
       "      <th></th>\n",
       "      <th></th>\n",
       "    </tr>\n",
       "  </thead>\n",
       "  <tbody>\n",
       "    <tr>\n",
       "      <th>Revenues</th>\n",
       "      <td>-16.42</td>\n",
       "      <td>-2.87</td>\n",
       "      <td>6.52</td>\n",
       "      <td>12.83</td>\n",
       "      <td>7.06</td>\n",
       "      <td>-3.50</td>\n",
       "      <td>13.35</td>\n",
       "      <td>7.02</td>\n",
       "    </tr>\n",
       "    <tr>\n",
       "      <th>CostOfRevenue</th>\n",
       "      <td>0.99</td>\n",
       "      <td>-4.49</td>\n",
       "      <td>-0.71</td>\n",
       "      <td>-9.03</td>\n",
       "      <td>5.79</td>\n",
       "      <td>-9.32</td>\n",
       "      <td>11.79</td>\n",
       "      <td>5.62</td>\n",
       "    </tr>\n",
       "    <tr>\n",
       "      <th>GrossProfit</th>\n",
       "      <td>-37.18</td>\n",
       "      <td>0.23</td>\n",
       "      <td>19.73</td>\n",
       "      <td>45.95</td>\n",
       "      <td>8.26</td>\n",
       "      <td>1.86</td>\n",
       "      <td>14.63</td>\n",
       "      <td>8.14</td>\n",
       "    </tr>\n",
       "    <tr>\n",
       "      <th>ResearchAndDevelopmentExpense</th>\n",
       "      <td>23.75</td>\n",
       "      <td>6.19</td>\n",
       "      <td>-6.60</td>\n",
       "      <td>18.12</td>\n",
       "      <td>14.43</td>\n",
       "      <td>16.43</td>\n",
       "      <td>1.79</td>\n",
       "      <td>-2.11</td>\n",
       "    </tr>\n",
       "    <tr>\n",
       "      <th>SellingGeneralAndAdministrativeExpense</th>\n",
       "      <td>6.13</td>\n",
       "      <td>1.32</td>\n",
       "      <td>-1.50</td>\n",
       "      <td>12.20</td>\n",
       "      <td>6.22</td>\n",
       "      <td>1.13</td>\n",
       "      <td>10.34</td>\n",
       "      <td>25.22</td>\n",
       "    </tr>\n",
       "    <tr>\n",
       "      <th>OperatingExpenses</th>\n",
       "      <td>20.53</td>\n",
       "      <td>2.48</td>\n",
       "      <td>-9.60</td>\n",
       "      <td>22.10</td>\n",
       "      <td>12.06</td>\n",
       "      <td>12.26</td>\n",
       "      <td>3.89</td>\n",
       "      <td>12.14</td>\n",
       "    </tr>\n",
       "    <tr>\n",
       "      <th>OperatingIncomeLoss</th>\n",
       "      <td>-108.45</td>\n",
       "      <td>39.95</td>\n",
       "      <td>-358.47</td>\n",
       "      <td>153.49</td>\n",
       "      <td>-0.01</td>\n",
       "      <td>-23.45</td>\n",
       "      <td>52.95</td>\n",
       "      <td>-1.58</td>\n",
       "    </tr>\n",
       "    <tr>\n",
       "      <th>InterestExpense</th>\n",
       "      <td>651.85</td>\n",
       "      <td>717.73</td>\n",
       "      <td>-5.81</td>\n",
       "      <td>-1.22</td>\n",
       "      <td>6.64</td>\n",
       "      <td>217.03</td>\n",
       "      <td>341.76</td>\n",
       "      <td>1.88</td>\n",
       "    </tr>\n",
       "    <tr>\n",
       "      <th>IncomeTaxExpenseBenefit</th>\n",
       "      <td>-112.45</td>\n",
       "      <td>10.80</td>\n",
       "      <td>-225.97</td>\n",
       "      <td>356.67</td>\n",
       "      <td>20.89</td>\n",
       "      <td>-29.39</td>\n",
       "      <td>76.83</td>\n",
       "      <td>3.82</td>\n",
       "    </tr>\n",
       "    <tr>\n",
       "      <th>InvestmentIncomeInterest</th>\n",
       "      <td>-33.33</td>\n",
       "      <td>-46.07</td>\n",
       "      <td>-17.56</td>\n",
       "      <td>0.48</td>\n",
       "      <td>3.96</td>\n",
       "      <td>-14.01</td>\n",
       "      <td>64.09</td>\n",
       "      <td>38.84</td>\n",
       "    </tr>\n",
       "    <tr>\n",
       "      <th>OtherNonoperatingIncomeExpense</th>\n",
       "      <td>-2035.13</td>\n",
       "      <td>-78.62</td>\n",
       "      <td>-83.84</td>\n",
       "      <td>89.57</td>\n",
       "      <td>192.21</td>\n",
       "      <td>-361.23</td>\n",
       "      <td>88.95</td>\n",
       "      <td>-71.20</td>\n",
       "    </tr>\n",
       "    <tr>\n",
       "      <th>NetIncomeLoss</th>\n",
       "      <td>-103.77</td>\n",
       "      <td>126.31</td>\n",
       "      <td>-472.34</td>\n",
       "      <td>129.55</td>\n",
       "      <td>-3.19</td>\n",
       "      <td>-21.78</td>\n",
       "      <td>43.32</td>\n",
       "      <td>-2.63</td>\n",
       "    </tr>\n",
       "  </tbody>\n",
       "</table>\n",
       "</div>"
      ],
      "text/plain": [
       "                                            2009    2010     2011    2012    2013     2014    2015    2016\n",
       "Fiel                                                                                                      \n",
       "Revenues                                  -16.42   -2.87     6.52   12.83    7.06    -3.50   13.35    7.02\n",
       "CostOfRevenue                               0.99   -4.49    -0.71   -9.03    5.79    -9.32   11.79    5.62\n",
       "GrossProfit                               -37.18    0.23    19.73   45.95    8.26     1.86   14.63    8.14\n",
       "ResearchAndDevelopmentExpense              23.75    6.19    -6.60   18.12   14.43    16.43    1.79   -2.11\n",
       "SellingGeneralAndAdministrativeExpense      6.13    1.32    -1.50   12.20    6.22     1.13   10.34   25.22\n",
       "OperatingExpenses                          20.53    2.48    -9.60   22.10   12.06    12.26    3.89   12.14\n",
       "OperatingIncomeLoss                      -108.45   39.95  -358.47  153.49   -0.01   -23.45   52.95   -1.58\n",
       "InterestExpense                           651.85  717.73    -5.81   -1.22    6.64   217.03  341.76    1.88\n",
       "IncomeTaxExpenseBenefit                  -112.45   10.80  -225.97  356.67   20.89   -29.39   76.83    3.82\n",
       "InvestmentIncomeInterest                  -33.33  -46.07   -17.56    0.48    3.96   -14.01   64.09   38.84\n",
       "OtherNonoperatingIncomeExpense          -2035.13  -78.62   -83.84   89.57  192.21  -361.23   88.95  -71.20\n",
       "NetIncomeLoss                            -103.77  126.31  -472.34  129.55   -3.19   -21.78   43.32   -2.63"
      ]
     },
     "execution_count": 29,
     "metadata": {},
     "output_type": "execute_result"
    }
   ],
   "source": [
    "((income.pct_change(axis=1) * 100).dropna(axis=1)).applymap(lambda x: '%.2f' % x)"
   ]
  },
  {
   "cell_type": "code",
   "execution_count": null,
   "metadata": {
    "collapsed": false
   },
   "outputs": [],
   "source": []
  },
  {
   "cell_type": "code",
   "execution_count": 33,
   "metadata": {
    "collapsed": false
   },
   "outputs": [
    {
     "data": {
      "text/plain": [
       "Fiel\n",
       "Revenues                                  5010.0\n",
       "GrossProfit                               2811.0\n",
       "CostOfRevenue                             2199.0\n",
       "OperatingExpenses                         2064.0\n",
       "ResearchAndDevelopmentExpense             1331.0\n",
       "OperatingIncomeLoss                        747.0\n",
       "NetIncomeLoss                              614.0\n",
       "SellingGeneralAndAdministrativeExpense     602.0\n",
       "IncomeTaxExpenseBenefit                    129.0\n",
       "InterestExpense                             47.0\n",
       "InvestmentIncomeInterest                    39.0\n",
       "OtherNonoperatingIncomeExpense               4.0\n",
       "Name: 2016, dtype: float64"
      ]
     },
     "execution_count": 33,
